7583798
12257338
8474262
9347204
8672278
5621528
12013242
12254821
8525939
6363125
6200401
10734057
10718859
10525199
1026895
10350965
5905382
8378913
8415336
5360129
7254671
11124072
3328254
4764652
3852327
11623002
3119525
8712146
7272220
3438817
9395205
10922569
8082910
7448057
10166321
8781683
5184740
2309524
7549171
3974804
11441553
11081377
9635876
8822710
10213932
9446945
8748150
7741987
8196449
6271033
8007234
11724976
4175707
10331532
10323994
9284403
9210141
11031746
6124963
9365185
10909109
5879661
3627704
7680819
11568545
11067941
9580721
4680268
9992083
9991488
11498106
9407581
2973361
10549091
6529799
8644565
1866535
12004872
7799575
5211564
4280515
8265007
9512360
4355503
12062354
9941718
12405321
8912338
10223447
9270223
10332839
7335104
10124585
10960422
11237304
6301976
9605714
5717765
9715686
7048090
10975568
10795891
9020510
11356900
3099491
10188460
6751156
6060042
9758042
8086878
11808734
10388451
7836762
4489414
11046698
8676604
8297629
7590933
9410888
8312120
8242064
8105550
11017355
7337588
10190314
10809258
11036956
2834612
6878738
9946427
10713276
10622511
12600640
5439836
3954217
4476546
11013096
6866518
9290256
3116544
10685148
9772531
12454007
8804018
4833367
7438997
10220322
7875011
8352528
5288534
10590538
2300039
11810501
11091336
5083480
11081359
7515543
11514174
7866904
8162250
8016887
2162907
3109945
3103752
9663013
4077867
8046850
6497146
4377055
4655612
10784717
8753991
7298163
11288509
7270844
4663975
11551482
10800330
4680642
9704431
5966921
5645052
8155169
9903965
4281425
8256511
3329985
7898731
8574569
7734325
1430893
8548410
2282712
8087195
10195818
3763058
9446564
10459632
5005406
7350067
10482602
4058998
4827161
3837507
11189348
7104739
4751876
4243354
8350261
8985072
8078638
6432245
7137132
8771391
2557350
6922183
8183277
8520954
3962433
9328136
7460575
9024907
8233951
8823902
7751342
6272732
7898781
9419020
9426508
1995305
7765762
8428347
11043244
10850139
6389733
9329586
11519779
8418317
10649444
5966302
2834564
2571093
6610837
8417203
7582511
11514135
7434110
6117832
6862296
5731359
6664748
7465605
5956142
12204886
8387903
11662769
12353946
4471741
9605729
7601573
2973386
12835232
7108212
11196403
9882303
9471262
4383248
10809344
1569863
6590263
8325962
10775543
9666798
9697725
11810753
12071521
9173561
5273487
11717514
7732242
7900436
3957292
8414216
4931385
5196068
11180776
5210507
5266549
3731429
11855334
11349556
10420508
6036286
11305240
9326466
10253829
2305283
10404108
11017875
7804024
9397683
7871442
8946785
9182756
7509281
11193890
9727761
5353137
11760021
10285642
9518295
11674867
12122143
10611342
8487692
10406791
8889176
6145790
9150879
4346765
9412725
5461756
3099533
9512162
9763786
10582096
6666233
4280967
7255000
12071873
8474661
5351320
6072268
7812264
10579525
10966394
10081899
8012943
7744122
9712457
7456662
4155840
12784183
9488191
11862020
9425635
3940372
11498173
10188654
4273882
12403318
8708957
4571091
11703765
2718935
7940020
4060347
5709193
7976273
2834075
7190458
9813003
12599700
10934587
10196885
8832676
8941398
7289416
9702550
7620399
5459288
12055805
12154913
6467339
8258140
10329835
12352520
8426468
3660458
12306797
6547418
8866833
9301392
4741455
4758956
4356215
11972798
7593749
3556242
6452389
11751991
8380342
10082611
4370970
11606361
1867358
8505930
11869690
7734893
10359854
3228276
11751992
5122859
6790075
7282705
10338880
6679286
1721911
8749608
10124435
8008320
8803071
9395840
4946483
11775907
5709283
12110941
10382952
8573021
11359869
7808672
5785926
6803306
5880374
7830019
8746355
7812368
7592133
11493497
11415766
7345195
9101205
10644522
8375488
10081040
9583871
10262494
6368045
3935499
10382584
7800087
10018866
6718482
4546642
8718072
7254750
4581344
1576043
3646734
10224804
8151009
12158722
3934593
9606822
10057537
9450368
10395312
8759399
9153593
10905105
3527088
2859114
7534552
9529435
6307686
10293445
8838894
5437459
4735815
8609873
6469920
10259154
10094872
10812504
7659667
4489051
8516922
10067340
5193112
5386327
8190637
4864391
9700650
7337334
7176070
10843322
9473985
7757271
8964399
10525027
11081404
11512270
3353108
5440790
2422890
8961162
5359490
10857583
9828292
11876220
6543547
8278444
6939314
11031515
9112607
8293417
8544884
10485584
10862550
8733659
8777235
10320656
10975238
9076474
5287939
7625890
3542117
6871896
11360739
9107723
6846346
11337141
6211203
12207432
6529445
11240969
7426780
9945771
8025611
11046072
11243547
8801244
10166274
11652051
10322177
8241781
8167996
4949012
7906865
12116009
9827048
10129425
10579570
10733308
11600744
9848932
6699367
4918333
6679464
8739070
10668098
2832398
7430997
10468871
6507276
9002074
7214801
9030712
2285598
12251483
8283025
8546136
9935739
6609270
8909833
5952378
7212779
9543852
11251525
1718059
9758864
11701376
4651273
12204700
11138484
11668095
9692206
4751044
3528588
7867964
10803430
8619216
4840079
11903656
6385060
7734775
3946894
9791400
5124735
10659585
11657256
6116129
6048655
5564467
10919711
5612776
11752906
5284217
2969839
2835393
4386137
5962956
8351810
4931188
4277598
5531953
4543236
7939565
5652704
6358735
11124523
10665436
8074803
7880466
5108451
12258225
8823426
10603046
9107656
10197916
10340598
9702771
2423549
11558671
8288674
5950779
6541829
10404193
9697184
12350839
8638911
11605209
8491142
12366450
9582827
9390653
11447025
11859256
12218994
7026202
12459760
12356489
12306931
1718071
10600817
6038882
9265122
5791720
8356004
7547969
8008646
5350780
5608002
3533437
10864355
2142451
5696568
9833329
9474589
7049521
9942242
10516213
8125217
2557669
12598901
7960606
8811972
9963819
11854219
8611277
10789884
10096977
10296031
11447564
3955879
6362190
10866083
4068727
8057610
11124203
5818116
5785346
9160884
4553205
7106306
11774947
9896545
10332883
9661885
4932675
8028923
5297821
4159885
11611474
4936334
5738209
11073120
12052230
8236202
8500111
6921817
7907119
4863874
12456136
6545415
8415004
9455181
5951140
9992786
9178867
6124132
8454353
9637036
6192309
4544623
3111995
5954552
12012281
10082082
7038372
7352892
10979716
9407162
11187207
3745742
4756732
11559839
11767303
3540472
9118677
9654411
5360976
3531176
8559125
6435936
10273194
8554218
11413094
8417053
11656160
3109825
5125261
11961297
12257167
11348997
5738346
6766663
10395543
7693403
7733540
11242724
7289257
8425062
7954192
4935977
3246721
3232393
2853469
7877270
5567165
8804147
6044117
7755975
9278258
11764055
10121004
4279048
7546105
6674908
10676126
11770410
8458445
11450068
10427630
5201711
5182822
5823769
2019352
3449953
9114508
10532450
5607395
6863158
10426116
2581298
7445605
3634308
4375359
11548140
6032666
8013517
3218308
8836388
12314646
3658853
7671594
9202076
8210323
10585782
9573685
11600299
8423373
6937828
11246355
9084486
7091787
6224062
12254596
11245261
11672332
4739885
3532922
9004474
8973305
12734617
9017693
11717254
10266175
8004876
6715960
2299892
10163983
11656398
10387746
10118816
8461279
10082058
10515276
7110077
5610323
3757788
12691684
7807888
6692320
8648934
2450412
10200187
4913852
6153404
8678480
12102169
5397064
11707911
7630663
11755212
7047750
6038568
9666454
6609906
7020381
11251458
7882472
9267857
9141571
7673428
11027361
9631366
12111492
8583756
8344414
11713989
12509131
9388780
9268481
11229244
9955316
10294074
12418737
8831759
11347963
7867585
8086398
7684686
11069344
8248415
10612424
6720765
6515466
9450804
4253385
10853654
7692454
9468935
8733834
11091452
8153154
8873448
10350276
7335603
10469305
10716694
10973447
2836098
11188196
4831331
9903613
4770707
8256040
12256096
12453624
7871438
9455236
3727878
2574201
5526021
11393580
10320483
5524498
11140792
7268738
8363450
8741649
10185979
7022598
9389594
11766827
8754034
4941223
9143808
5125745
7584332
3633335
8302555
10091786
3231403
7367431
9530886
4148125
11602629
11852982
4562228
10789552
10355509
11127082
8189555
11303706
8843975
11700807
10491684
3966704
5016904
7365833
12011367
2159700
9785648
7499836
12300545
7202953
1160684
9291325
7532381
10485913
7988823
4929016
6147224
5636734
11352541
9022001
8077356
6356144
2986833
3730371
11446140
2441891
9541573
7686474
8912241
10880514
8780122
7118061
4482203
3442034
10670119
5459593
7879456
8308866
11018537
9935558
7512128
10363074
10729684
5779615
6310107
10535858
5950024
7347932
12121403
10267590
11514607
9118939
11391702
9041966
9834661
11960971
8827428
10425412
5207289
10324374
9632532
4579228
11034335
3346467
12018926
7967416
7215890
6937405
11769500
4038439
3426874
10388604
9472906
11448151
8673358
10398659
5445367
10258346
4818821
10128760
10219019
4729962
4731525
11811567
8825951
10863940
10094937
8377279
11713042
10850518
3099900
12252040
5087108
9050287
11411768
2011870
9520539
9933305
5353938
4137187
9118518
4454364
2554730
3727538
8946916
9238899
5632110
8191015
8916493
9347854
5268680
11518775
8460153
11515276
8674230
9753740
8377909
8093813
5211598
9994100
4951915
11558721
2721113
3232334
12104915
11551186
6280503
8283487
8397325
9024869
6366377
6620003
11359630
10872868
8847759
7622850
9520546
9597704
5268904
12105694
6782009
6429680
6763067
11015032
8233795
6110166
10187248
3756034
10853806
9026334
5219067
11127129
6792288
2284919
6196918
11820505
8908779
3640527
6751520
10162201
9706804
2574427
11717942
7451604
9335198
12505054
9428095
4383163
12218539
8712608
9531117
9606004
10206793
7676756
10534762
1577167
9653430
2832720
9898046
8299093
5950533
4271485
5263823
5126248
9595239
10909144
8455095
7255169
12203082
3454793
12506985
4367215
12013322
9463387
3218997
4049158
10448377
8388857
11546374
9534999
10489206
4951466
6836884
7951063
10255692
9705079
3955891
7417788
2446934
9142334
4474292
10536761
6947600
10525049
12258055
6694166
5904275
8217154
4269145
5534656
5299281
9326184
7949663
9119391
9812929
6955274
11137924
7676949
1873543
10796844
4078175
6940654
9009213
6352355
12157134
12556374
4242514
9142931
5783802
3329865
8183594
8845466
3431143
6977064
9346063
11075611
11187837
3956721
7184868
10519040
9906608
4061149
10966172
7131359
3426367
11205518
8017291
12689979
9588514
7117688
7091649
7031430
5717253
4579064
9076928
6224166
11959784
11254493
12006463
7949846
5027715
5200500
4669176
5785806
12314163
11521274
9713191
7612968
3558789
8373723
4909186
9041163
6371100
5096924
9266689
10203345
10548640
7190459
6923995
7953589
9715154
2012731
7890694
11876227
10395858
7362849
8009549
2837046
6678515
5041192
7708454
11858962
8228868
11075917
6696674
6352901
9606758
12214389
10158021
10321766
5649085
7335857
8423344
3965229
10263037
10909367
8022522
12201933
6271120
10165815
8415119
6635994
4994641
11862402
11663055
5472185
11403688
5096204
9242473
11602234
12458323
7285617
12157004
5696316
10091404
2142372
9267818
6125019
5112157
1720670
10411437
12055458
10322554
8219352
8495131
10454036
4283417
8150479
10470935
11412096
7516478
3457861
4373485
7988894
4575141
12354053
4173466
2157356
6600771
10268893
11655859
8292510
10591522
10351951
9757613
7973675
6628656
10099790
9075708
9575777
6949105
10677397
8807085
8388971
11044731
11651634
3457337
8459697
10548508
7740983
11515931
8128926
4381324
2834778
9216811
7816331
5466017
6388229
12155015
9818003
10131950
11923270
10296831
6871390
9601977
10332732
7872997
8398221
3344220
10549100
7659417
9467899
11870826
10461831
4773250
5867742
4364896
6141125
8075991
6783369
9907450
8526781
5964598
7884347
4735754
7422680
7802933
12304013
7205520
10068906
9335072
9093763
11551500
10336624
11442458
7294746
10552016
6750866
12208128
4758926
8882315
5093980
4743351
12017704
6521526
4832572
7811438
10065745
4164310
7367064
7282613
3956389
4939265
9245368
4044678
3758197
5727611
11243831
8382212
10097880
9031452
9265875
7742951
10718806
6442045
12456781
5819458
9710326
12003895
9008321
7659172
8881126
3554849
9848792
11774350
6704617
11405197
7287850
4669977
6690942
8940708
8454832
8094234
7215965
2847114
8458506
6964982
5809954
7116767
5695904
6921821
9289916
11669352
7455287
9330545
6548898
9283820
8455430
8962137
11702828
11559304
6447455
11033251
7954276
3244968
5351659
6310265
6032907
11124905
10269397
8444017
9642890
3102763
8822213
4181240
9652694
10388286
5695850
8766172
2861126
2695622
3534089
10529541
12601861
9944770
8230829
9279516
12217622
8365200
2714000
7730659
8652639
7771186
3964647
7093721
10866983
8839656
10724336
11870769
9772725
8814775
10798521
9760292
12200438
7385913
8367644
2301872
11499548
9229798
11955208
5009036
3444822
9532760
7092051
10618904
8435582
10919037
10020291
7840840
6775103
6466436
5522034
5286398
3642335
7695500
4349785
4458155
11233004
9771663
9573366
7506298
10267392
4848778
9463060
8507576
11509020
8712875
11905939
11961075
5437354
9221091
9583357
10733307
6696016
10252023
4918154
8097851
10322878
8460811
8476114
10416718
8906418
9636614
10880655
5784204
5879323
11701420
7543006
10858600
8022889
7917325
3934090
12470124
3852064
8461492
11390683
10873011
9825492
9157515
8233490
9711202
5536822
10863494
12251446
9479539
9764341
2302851
11657761
9143855
9640579
9713071
4370853
8111203
6752578
6212599
4255219
4639615
9946811
9818472
4074068
7200148
8776824
7670700
10387256
6150943
9569210
8191181
8331561
10602294
7446955
11122711
11722217
6125059
9141177
12643996
6846570
1431599
8973226
8295380
3955963
4953358
6530792
2998208
12254051
7523710
10455009
8489251
11769300
6047929
7800922
8737443
8912302
5900600
7938615
12934814
11862267
7954195
8589002
12215430
11075709
10779603
6949326
4995581
11350063
9112164
9142714
11086755
1866986
4680677
9326578
8289464
8046690
8774246
12060710
7349014
11462884
9588880
10185859
9146935
8161771
10118677
12356051
10749536
3344747
3760677
8655619
8142993
7539346
12120764
11456603
11297141
7513242
8370394
9603175
11871698
11152189
4275254
10536882
9964637
7117293
9164055
7214825
8393582
3757251
10130646
9071446
10664441
5897952
4755441
4648234
11244150
6776936
6470362
4660255
8279274
4378621
5471468
10026749
8940442
8521933
5977935
12505701
10128261
6700873
10384891
11612409
8114225
4078900
11305274
7849619
8558589
5956957
6205405
9730609
7378659
8144291
10087130
7583116
8561100
9414077
3830820
9151921
4736554
2167693
9085112
10717575
5537064
3643000
8895062
7379420
10618962
8377714
12011635
10095901
6689302
10963429
8714580
9899900
8655334
10118339
7422278
7033830
6579884
5262561
10388283
4164424
3527038
4752465
4175517
7881278
7382228
10960296
5693298
8474897
10427308
12315227
3748918
8249268
11350555
11612157
8257134
11099165
3117402
11773636
11457546
7907712
10796551
4275681
5608021
4367318
5083938
9593457
3762903
4471819
11340510
10224595
9644681
11560326
10027247
5364071
10185748
5298911
9715236
4647381
5262820
4387448
8429330
4768453
4850610
4270441
10581640
11720679
11029233
11802278
7847566
6956701
6767424
9718972
12405814
7677767
5894341
5543652
6119211
10163894
9898639
11495260
12470376
7090779
7300506
2695885
10599274
9712019
7259996
9026015
6691349
10424656
5087223
7191311
11819057
10515986
6775689
8172915
11568704
6631015
12316440
7304449
10728438
8505485
11298815
6370174
7426706
7505113
9605900
7501618
12689927
7987934
8621656
3974567
7937153
7609819
12505793
4953282
4761031
2971272
3233853
5562069
8519743
1996728
6037009
10404115
11550428
11457072
2010137
7549594
10289679
5632313
12402078
3218009
8415867
4754115
10056245
3658781
11299900
9418133
12256580
6838113
7809108
5177193
10406828
3938241
9452233
8424687
11859659
6721658
11309213
10527947
8255148
7916294
8892000
6782860
10535592
4385594
12007544
6117713
5354075
10317996
7022432
11672056
8444286
7621019
7035373
11285727
11198379
12252762
10586780
11192235
10938188
8098228
10816687
10119326
8158164
4262814
7907423
12552869
8824158
892376
1569682
6751411
2302997
5268696
10525990
6123830
12356588
3558213
10535886
7504202
5977899
9790889
9019246
10004407
4060965
3969563
8506486
1996399
7269729
9156957
9582157
5696918
8479326
10711897
12316635
8040551
8716714
9596620
9596434
5794240
5887519
10587070
3439791
11235958
7777570
7378061
9396164
11873696
4349469
8510500
9899765
11071041
12066569
6863726
12552699
8078875
8839947
7875008
8456954
7174385
11713884
8494510
8013221
2570846
10093963
12316768
6385586
6047628
7542314
10145950
3964632
7283365
6147617
10422607
8776565
12735805
7336414
7173783
11442047
7741801
7661117
5300023
11770517
2988458
10861090
8845205
5384713
7272575
9702112
4357520
10750514
9652284
7545542
1872885
10197875
5108769
6497141
11820708
12007066
11389563
10793757
4242943
7131515
10920281
7264900
8545145
4356597
3631844
10120920
8957803
11036239
10073672
3425850
10388259
12158395
7095218
7950450
3835071
10904621
11395206
4243486
9475513
9776935
4078087
9161330
5000970
5818042
10289442
7582691
7868967
7259477
4252080
9942695
7272373
11708334
2451529
5035870
3115879
7534455
6062306
5620587
6277656
8823360
3735772
3110253
4544783
5823135
6508924
11468094
6950440
8428104
10341831
7300322
6607660
6838434
11960496
6451717
8381383
9406987
8561706
8447096
6949412
8416796
12306384
10158029
12644712
4173626
8584844
2992668
8280113
2847357
8295781
4060593
8683640
7531136
11868600
5693289
6151139
6803524
5181839
7018323
5547013
7660117
9589235
9419545
7878428
7093688
9519275
7662697
9636601
7199756
11497958
9636406
12005016
10586604
9224514
4672900
4737129
12109472
10526369
6526930
6938077
11241179
8818802
4181245
8685007
9165053
8933532
8483557
6850118
12507882
9050725
9429343
2441562
9455756
8010330
10847658
4818089
8052511
7743830
5285707
3547906
3222519
5696108
3839583
12646508
4275230
10518758
7422811
11856056
4265815
9642131
7377223
9077376
10844360
8085465
9074629
10215254
3235567
7368642
10648902
5435923
10140708
4473475
4551429
9713353
2570277
12007684
6115083
8780274
9540467
2556650
8259829
12456401
8217295
6276708
5480340
7747368
3866232
10977498
9357375
7671030
3432286
10553513
4483841
3735699
11467290
11710354
7626388
5446961
10614833
7877209
8801919
3550668
8740221
7007761
5357504
2424191
4768944
8226440
12024065
10598352
5200198
12218211
9644914
8749769
11069034
6611875
4381741
6947858
8018340
11085850
11289422
3733753
5967053
10267577
4569115
11853130
10412044
7941412
4175398
9581885
11493667
11198525
11288659
9631548
9414088
7456036
11547920
4932287
6751891
4037164
9934865
7773724
8310086
12365719
7887160
3443137
6936046
8524452
11602515
12366989
9388479
12214368
7177589
10960118
7817489
10960823
7976805
11092783
9601825
2578811
4488006
1292688
10253901
1870952
7731334
11653259
7803692
6382217
8881243
8604363
9481758
3527308
5377130
11815179
11853404
8564323
9514298
11083500
9941632
11564319
8956929
9004472
11181126
1162635
9138149
12305237
11250167
8947255
12505250
9179906
6149553
2167183
6679295
8180253
11013072
7449695
5444972
7830341
11070966
10914307
9175009
11026645
7880206
9787239
8343785
5734009
7117506
11553806
6607612
5648509
10580447
7830098
4465957
4067894
7581219
11858066
11093009
6310128
11446732
10397969
6060845
4861287
10849430
12315367
11027877
8844761
3831534
11198419
10448236
12400394
5869314
7021681
4254223
7184587
8647852
9693806
9588430
5185509
4554367
9527740
9205855
3539770
7364389
4068018
4908089
9993806
6945041
8525400
2973500
11961565
4656011
9879930
9693387
9092374
9605603
7548531
7219652
10936170
2555523
6508734
3941415
12356535
2692772
10803272
12111335
6864891
4543237
3765134
5083330
5202421
8499971
3659811
11415793
11869791
3626713
8218687
7729557
7849441
6464396
8914727
5616494
12350962
3648376
2443935
9111372
9574706
6363233
7031948
9941061
3327092
8293258
10266895
9838213
8960906
11775689
4179525
12072637
10545372
11673664
11768142
2166547
4139476
3456560
11200069
7009163
4641097
4844987
6310092
6366330
6881138
4662431
9873729
7664406
9575728
5110817
10615211
4645733
12204572
8890150
4917139
7809755
9202151
7988635
5795961
8565204
9726785
7581487
10130595
12505044
11462900
10657825
3634402
10483810
11453448
5616280
10471681
8581480
11955005
10727884
6279639
11305432
10789903
8719129
10709619
7810653
12688403
11517805
5803144
4386313
8556261
9885985
11618198
11550910
10753072
4819766
11296078
9602658
11617074
11802265
6550017
3731432
5873644
3558162
7521445
9054537
9892651
6306891
9327921
5699934
11015175
7744840
10079354
7680165
3323808
9467900
5950611
7269798
9137385
8935605
4355120
11340991
10146539
8120608
7367141
9786877
7510767
9462919
6363613
5987757
2575433
9991565
8609534
8007910
3836257
12203198
9289250
7630772
11028123
9075931
8258370
9590249
12201892
11546211
5123682
10554222
6034587
5953138
6290811
9005449
10713157
9659036
10917536
8229458
5397422
3556011
6032373
7613448
5611092
6888521
9088379
12599416
8005405
7734216
12010862
9953265
9176383
5527289
6129451
10777410
7032946
10490027
4773065
8235487
5124372
9008142
6592335
8935655
7340288
3838294
9933464
10790693
6803555
3831911
10535074
10396501
4824868
8292445
11514272
10450889
10298103
9575305
10018202
9825237
10790838
5110832
5461759
11446073
10328903
9662061
5895919
4249500
8316286
11389341
7903291
6705695
8351704
5812016
11601794
10618510
7891030
9019435
5353335
10644834
12119180
10471960
8621836
10666943
8085076
4939621
10209036
9161260
9269155
11752232
10346931
12688834
10801273
9080730
4036313
3658619
7836428
3940072
4283965
12257256
4172805
4946028
5384707
7337164
3120913
8191404
6521399
3935942
7046921
9419288
3545291
1160867
8547947
11702167
9508744
