10002866
10004519
10004738
10005758
10006581
10010440
10015516
10015937
10018233
10019643
10024051
10024701
10026544
10028352
10028792
10031656
10031885
10033279
10055126
10059645
10063802
10064256
10068030
10068383
10070468
10073672
10074466
10080248
10090257
10094670
10098844
10122255
10123064
10125352
10130039
10134152
10136549
10141900
10149023
10153011
10157573
10158729
10166274
10187017
10187159
10189546
10189557
10191070
10196493
10206675
10212441
10216045
10227020
10232693
10252275
10268907
1026957 
10271691
10272442
10272640
1027438 
10275766
10287242
10287248
10294613
10329469
10329835
10330115
10332883
10336951
10337258
10341831
10341917
10342041
10342065
10352945
10353968
10357040
10358759
10384962
10386984
10388286
10395381
10395543
10404582
10407221
10419312
10453588
10454313
10454632
10460629
10468885
10470206
10470616
10471515
10471621
10485069
10485250
10488450
10489206
10489525
10491044
10513530
10514429
10514770
10518399
10518424
10525027
10526549
10528068
10538176
10544677
10545066
10549023
10549562
10552611
10554967
10555375
10577994
10583066
10585738
10593626
10593759
10597693
10600955
10604335
10611420
10616415
10616571
10619192
10621666
10657406
10663396
10663411
10665043
10666230
10666592
10670119
10674871
10676824
10676923
10679583
10682541
10686864
10709622
10713616
10717241
10718726
10723367
10730034
10730703
10743597
10744335
10747439
10747445
10748393
10749059
10779233
10790387
10798331
10801100
10811496
10812504
10813841
10842192
10843203
10843590
10844890
10854555
10854768
10857519
10858691
10861608
10861715
10863608
10864656
10867062
10873260
10874215
10876237
10879208
10879656
10880007
10904004
10904857
10905911
10909127
10916600
10917043
10917681
10924853
10925104
10925113
10934313
10934674
10963065
10965740
10973664
10975146
10978763
10982872
10984090
11014932
11017901
11026304
11037335
11043136
11043167
11044770
11045383
11046458
11073351