10002866   828 03 2897 04
10004519   444 03 1996 03 4558 03
10004738  3763 04 
10005758  1187 04 3736 03
10006581  1451 05 
10010440  3745 04 
10015516  1011 03 1974 04
10015937  3728 05 3754 05
10018233  3752 05 
10019643  2315 04 
10024051  1827 03 
10024701  3733 04 
10026544    61 03 
10028352  3138 05 
10028792   100 05 
10031656  3739 06 
10031885  3734 03 
10033279  3815 04 
10055126  3749 04 
10059645   245 05 3733 03
10063802  1615 04 
10064256  3114 05 
10068030  3363 04 
10068383   371 04  549 04  862 03 1914 06 1946 05 2486 03 2940 04 3270 04 3817 08 4021 04
10070468  2044 04 
10073672  1763 06 
10074466  3744 05 4390 05
10080248  3751 06 
10090257  1890 04 3744 03
10094670  3736 03 
10098844  3728 05 3740 03
10122255  3726 05 
10123064  1761 03 
10125352  3738 05 
10130039  1759 05 3728 04
10134152  3737 05 
10136549  2020 05 
10141900    17 03 
10149023  3728 03 
10153011  3730 04 
10157573  3616 03 3773 03
10158729  3743 03 
10166274  3656 03 3769 03
10187017  3735 04 
10187159  3725 05 
10189546   348 05 3599 03
10189557   466 06 
10191070   338 03 
10196493  3738 05 
10206675  2869 03 3755 05
10212441  1396 03 
10216045  2915 05 3745 03
10227020  3764 03 
10232693  3773 03 
10252275  4370 03 
10268907    23 03 2435 03 3735 04
1026957   4095 03 4565 04
10271691   650 03 
10272442  3744 05 3783 03
10272640  2383 05 2570 03 3132 05
1027438   3759 04 
10275766   104 05 
10287242  1293 03 1637 04 1798 06 2426 04 2908 07 3744 04 3974 06 4145 08
10287248  4178 03 
10294613  3741 03 
10329469  2600 04 
10329835  4420 03 
10330115  3729 03 
10332883  2056 04 
10336951  3745 05 
10337258  3731 03 
10341831  3126 03 
10341917  3143 03 4551 04
10342041  1763 06 3136 06
10342065  1764 04 3136 05
10352945  1689 05 3738 05
10353968  1218 05 
10357040  2935 03 
10358759  3729 03 
10384962  2269 04 2396 04 2410 03 2676 04 3143 05 3353 04 4315 04 4452 06 4595 03
10386984  1587 03 
10388286  3010 03 
10395381  3727 05 3842 03
10395543  1399 05 
10404582  3732 05 
10407221  3725 05 3737 05
10419312  1803 03 
10453588  1692 03 
10454313  3756 05 
10454632  3730 03 
10460629   967 03 
10468885  1923 03 
10470206  4390 05 
10470616   401 05 3744 04
10471515   873 04 3062 03 4639 03
10471621   821 05 
10485069  3755 04 
10485250  1818 03 2118 06 4621 03
10488450  3375 03 
10489206  3734 05 
10489525  3748 03 
10491044  3743 05 
10513530  3726 04 
10514429   666 04 3763 03
10514770   323 03 1175 05
10518399   494 03 
10518424  2106 03 3787 03 4156 03
10525027   873 05 
10526549  3745 03 
10528068  2398 05 
10538176  3736 05 
10544677  2244 04 
10545066  3027 04 3727 03 3766 03
10549023  1759 05 3737 03
10549562  3733 05 
10552611  3656 04 
10554967   746 03 
10555375  3749 03 
10577994  3734 03 3834 04
10583066   990 05 
10585738   631 03 1400 05 3758 03
10593626  3730 04 
10593759  2434 05 
10597693  3743 05 
10600955  3749 05 
10604335  3767 04 
10611420  3005 03 
10616415  4267 09 
10616571   720 03 1818 03 4115 05
10619192  1759 04 
10621666  3010 03 
10657406  1644 03 3142 05
10663396  3746 03 4391 04
10663411  3745 04 
10665043  3747 05 
10666230  3735 05 
10666592  1758 03 
10670119    16 04 
10674871  2774 03 
10676824   661 03 1299 03
10676923  3390 04 
10679583   571 03 
10682541  3660 04 
10686864    35 05  788 03 3736 03
10709622  3111 03 3736 03
10713616   286 03  663 04 3737 05
10717241  3728 05 
10718726  3742 03 
10723367  4390 03 
10730034   580 03 3731 03
10730703  4501 03 4530 03
10743597  3737 05 
10744335   106 05 
10747439  1336 03 
10747445   751 03 
10748393    19 03 
10749059  3732 05 
10779233   611 03 
10790387  3702 03 3728 03
10798331  1046 05 
10801100  3746 04 
10811496  3746 04 
10812504  3926 03 
10813841  3738 03 3748 04
10842192  3742 03 
10843203   476 03 3727 08
10843590  2004 05 3737 03
10844890   636 03 3729 04
10854555  3732 04 
10854768  3729 05 
10857519  3674 04 
10858691  2319 03 
10861608  3741 03 
10861715  2450 04 
10863608   119 04  520 03  734 03
10864656  2055 03 
10867062  3728 05 
10873260  3742 03 
10874215  4461 03 
10876237  4483 03 
10879208  3732 04 
10879656  2399 03 
10880007  1765 03 3734 06
10904004  3418 03 
10904857   686 06 1001 03 1455 06 1865 05 2320 03
10905911  2470 03 3735 04
10909127  3743 03 
10916600  1396 03 3732 03
10917043  1055 03 1129 04
10917681  3725 04 
10924853  3730 04 3741 04 4344 03
10925104  3728 04 
10925113  2868 04 4194 03
10934313  4192 03 
10934674  2962 03 
10963065  2018 05 
10965740   561 03 
10973664  2384 03 
10975146  2465 05 2755 05
10978763  3738 05 
10982872  1647 05 
10984090  3741 03 
11014932  3731 05 mdwarf_lightcurves/kid11014932 3731 05 
mdwarf_lightcurves/kid11017901  700 04 2556 03
mdwarf_lightcurves/kid11026304 1849 04 
mdwarf_lightcurves/kid11037335   33 03 
mdwarf_lightcurves/kid11043136  992 06 
mdwarf_lightcurves/kid11043167 3741 03 
mdwarf_lightcurves/kid11044770 3734 03 4303 05
mdwarf_lightcurves/kid11045383  772 05 3738 03
mdwarf_lightcurves/kid11046458  456 05 
mdwarf_lightcurves/kid11073351 3725 04 3734 03 3813 03