         129
         130
         131
         502
         503
         504
         505
         506
         507
         508
         688
         689
         690
         691
         692
         693
         890
         891
         892
         893
        1908
        1909
        1910
        2286
        2287
        2288
        2289
        2290
        2854
        2855
        2856
        2857
        2858
        2859
        3392
        3393
        3394
        3395
        3396
        3397
        3398
        3695
        3696
        3697
        3803
        3804
        3805
        3806
        3807
        3972
        3973
        3974
        4363
        4364
        4365
        4366
        4367
